Gurobi 6.5.2: optimal solution; objective 22
236201 simplex iterations
22285 branch-and-cut nodes
plus 5 simplex iterations for intbasis

"option abs_boundtol 7.105427357601002e-15;"
or "option rel_boundtol 3.383536836952858e-16;"
will change deduced dual values.

x [*,*]
:    1   2   3   4   5   6   7   8   9  10  11  12  13  14  15  16  17  18  19 :=
1    0   0   0   1   0   0   0   0   0   0   0   0   0   0   0   0   0   0   0
2    0   0   0   0   0   0   0   0   0   0   0   0   1   0   0   0   0   0   0
3    0   1   0   0   0   0   0   0   0   0   0   0   0   0   0   0   0   0   0
4    0   0   1   0   0   0   0   0   0   0   0   0   0   0   0   0   0   0   0
5    0   0   0   0   0   0   0   0   0   0   0   0   0   0   0   0   0   0   0
6    0   0   0   0   0   0   0   0   0   0   0   0   0   0   0   0   0   0   0
7    0   0   0   0   0   0   0   0   0   0   0   0   0   0   0   0   0   0   0
8    0   0   0   0   0   0   0   0   0   0   0   0   0   0   0   0   0   0   0
9    0   0   0   0   0   0   0   0   0   0   0   0   0   0   0   0   0   0   0
10   0   0   0   0   0   0   0   0   0   0   0   0   0   0   0   0   0   0   0
11   0   0   0   0   0   0   0   0   0   0   0   0   0   0   0   0   0   0   0
12   0   0   0   0   0   0   0   0   0   0   0   0   0   0   0   0   0   0   0
13   0   0   0   0   0   0   0   0   0   0   0   0   0   0   0   0   0   0   0
14   0   0   0   0   0   0   0   0   0   0   0   0   0   0   0   0   0   0   0
15   0   0   0   0   0   0   0   0   0   0   0   0   0   0   0   0   0   0   0
16   1   0   0   0   0   0   0   0   0   0   0   0   0   0   0   0   0   0   0
17   0   0   0   0   0   0   0   0   0   0   0   0   0   0   0   0   0   0   0
18   0   0   0   0   0   0   0   0   0   0   0   0   0   0   0   0   0   0   0
19   0   0   0   0   0   0   0   0   0   0   0   0   0   0   0   0   0   0   0
20   0   0   0   0   0   0   0   0   0   0   0   0   0   0   0   1   0   0   0
21   0   0   0   0   0   0   0   0   0   0   0   0   0   0   0   0   0   0   0

:   20  21    :=
1    0   0
2    0   0
3    0   0
4    0   0
5    0   0
6    0   0
7    0   0
8    0   0
9    0   0
10   0   0
11   0   0
12   0   0
13   1   0
14   0   0
15   0   0
16   0   0
17   0   0
18   0   0
19   0   0
20   0   0
21   0   0
;

y [*] :=
 1 1    3 1    5 0    7 0    9 0   11 0   13 1   15 0   17 0   19 0   21 0
 2 1    4 1    6 0    8 0   10 0   12 0   14 0   16 1   18 0   20 1
;

sum{i in 1 .. n, j in 1 .. n} x[i,j]*c[i,j] = 462.3

