Mon Nov 21 16:01:08 CET 2016
Gurobi 6.5.2: optimal solution; objective 85.712783
19359092 simplex iterations
2138285 branch-and-cut nodes
plus 19 simplex iterations for intbasis
x [*,*]
:    1   2   3   4   5   6   7   8   9  10  11  12  13  14  15  16  17  18  19 :=
1    0   0   0   0   0   0   0   0   0   0   0   0   0   0   0   0   0   0   0
2    0   0   0   0   0   0   0   0   0   0   0   0   0   0   0   0   0   0   0
3    0   0   0   0   0   0   0   0   0   0   0   0   0   0   0   0   0   0   0
4    0   0   0   0   1   0   0   0   0   0   0   0   0   0   0   0   0   0   0
5    0   0   0   0   0   0   1   0   0   0   0   0   0   0   0   0   0   0   0
6    0   0   0   0   0   0   0   0   0   0   0   0   0   0   0   0   0   0   0
7    0   0   0   0   0   0   0   0   0   0   0   0   0   0   0   0   0   0   0
8    0   0   0   0   0   0   0   0   0   0   0   0   0   0   0   0   0   0   0
9    0   0   0   0   0   0   0   0   0   0   0   0   0   0   0   0   0   0   0
10   0   0   0   0   0   0   0   0   0   0   0   0   0   0   0   0   0   0   0
11   0   0   0   0   0   0   0   0   0   0   0   0   0   0   0   0   0   0   0
12   0   0   0   0   0   0   0   0   0   0   0   0   0   0   0   0   0   0   0
13   0   0   0   0   0   0   0   0   0   0   0   0   0   0   0   0   0   0   0
14   0   0   0   0   0   0   0   0   0   0   0   0   0   0   1   0   0   0   0
15   1   0   0   0   0   0   0   0   0   0   0   0   0   0   0   0   0   0   0
16   0   0   0   0   0   0   0   0   0   0   0   0   0   1   0   0   0   0   0
17   0   0   0   0   0   0   0   0   0   0   0   0   0   0   0   1   0   0   0
18   0   0   0   0   0   0   0   0   0   0   0   0   0   0   0   0   0   0   1
19   0   0   0   0   0   0   0   0   0   0   0   0   0   0   0   0   1   0   0
20   0   0   0   0   0   0   0   0   0   0   0   0   0   0   0   0   0   1   0
21   0   0   0   0   0   0   0   0   0   0   0   0   0   0   0   0   0   0   0
22   0   0   0   0   0   0   0   0   0   0   0   0   0   0   0   0   0   0   0
23   0   0   0   0   0   0   0   0   0   0   0   0   0   0   0   0   0   0   0
24   0   0   1   0   0   0   0   0   0   0   0   0   0   0   0   0   0   0   0
25   0   0   0   0   0   0   0   0   0   0   0   0   0   0   0   0   0   0   0
26   0   0   0   0   0   0   0   0   0   0   0   0   0   0   0   0   0   0   0
27   0   0   0   0   0   0   0   1   0   0   0   0   0   0   0   0   0   0   0
28   0   0   0   0   0   0   0   0   0   0   0   0   0   0   0   0   0   0   0
29   0   0   0   0   0   0   0   0   0   0   0   0   0   0   0   0   0   0   0
30   0   0   0   0   0   0   0   0   1   0   0   0   0   0   0   0   0   0   0
31   0   0   0   1   0   0   0   0   0   0   0   0   0   0   0   0   0   0   0

:   20  21  22  23  24  25  26  27  28  29  30  31    :=
1    0   0   0   0   0   0   0   0   0   0   1   0
2    0   0   0   0   0   0   0   0   0   0   0   0
3    0   0   0   0   0   0   0   0   0   0   0   1
4    0   0   0   0   0   0   0   0   0   0   0   0
5    0   0   0   0   0   0   0   0   0   0   0   0
6    0   0   0   0   0   0   0   0   0   0   0   0
7    0   0   0   0   0   0   0   1   0   0   0   0
8    0   0   0   0   0   0   0   0   0   1   0   0
9    0   0   0   0   1   0   0   0   0   0   0   0
10   0   0   0   0   0   0   0   0   0   0   0   0
11   0   0   0   0   0   0   0   0   0   0   0   0
12   0   0   0   0   0   0   0   0   0   0   0   0
13   0   0   0   0   0   0   0   0   0   0   0   0
14   0   0   0   0   0   0   0   0   0   0   0   0
15   0   0   0   0   0   0   0   0   0   0   0   0
16   0   0   0   0   0   0   0   0   0   0   0   0
17   0   0   0   0   0   0   0   0   0   0   0   0
18   0   0   0   0   0   0   0   0   0   0   0   0
19   0   0   0   0   0   0   0   0   0   0   0   0
20   0   0   0   0   0   0   0   0   0   0   0   0
21   0   0   0   0   0   0   0   0   1   0   0   0
22   0   0   0   0   0   0   0   0   0   0   0   0
23   0   0   0   0   0   0   0   0   0   0   0   0
24   0   0   0   0   0   0   0   0   0   0   0   0
25   0   0   0   0   0   0   0   0   0   0   0   0
26   0   0   0   0   0   0   0   0   0   0   0   0
27   0   0   0   0   0   0   0   0   0   0   0   0
28   1   0   0   0   0   0   0   0   0   0   0   0
29   0   1   0   0   0   0   0   0   0   0   0   0
30   0   0   0   0   0   0   0   0   0   0   0   0
31   0   0   0   0   0   0   0   0   0   0   0   0
;

y [*] :=
 1 1    4 1    7 1   10 0   13 0   16 1   19 1   22 0   25 0   28 1   31 1
 2 0    5 1    8 1   11 0   14 1   17 1   20 1   23 0   26 0   29 1
 3 1    6 0    9 1   12 0   15 1   18 1   21 1   24 1   27 1   30 1
;

sum{i in 1 .. n, j in 1 .. n} x[i,j]*c[i,j] = 28721.7

Mon Nov 21 16:24:45 CET 2016
