Gurobi 6.5.2: optimal solution; objective 63
17375 simplex iterations
1447 branch-and-cut nodes
plus 18 simplex iterations for intbasis
x [*,*]
:    1   2   3   4   5   6   7   8   9  10  11  12  13  14  15  16  17  18  19 :=
1    0   0   1   0   0   0   0   0   0   0   0   0   0   0   0   0   0   0   0
2    0   0   0   0   1   0   0   0   0   0   0   0   0   0   0   0   0   0   0
3    0   0   0   1   0   0   0   0   0   0   0   0   0   0   0   0   0   0   0
4    0   1   0   0   0   0   0   0   0   0   0   0   0   0   0   0   0   0   0
5    0   0   0   0   0   0   0   0   0   0   0   1   0   0   0   0   0   0   0
6    0   0   0   0   0   0   0   0   0   0   0   0   0   0   0   0   0   1   0
7    0   0   0   0   0   0   0   0   0   0   1   0   0   0   0   0   0   0   0
8    0   0   0   0   0   0   0   0   0   0   0   0   0   0   0   0   0   0   0
9    0   0   0   0   0   0   0   0   0   1   0   0   0   0   0   0   0   0   0
10   0   0   0   0   0   0   0   0   0   0   0   0   0   0   0   0   1   0   0
11   0   0   0   0   0   1   0   0   0   0   0   0   0   0   0   0   0   0   0
12   0   0   0   0   0   0   0   0   0   0   0   0   0   0   0   0   0   0   1
13   0   0   0   0   0   0   0   0   0   0   0   0   0   0   0   0   0   0   0
14   0   0   0   0   0   0   0   1   0   0   0   0   0   0   0   0   0   0   0
15   0   0   0   0   0   0   0   0   0   0   0   0   0   0   0   0   0   0   0
16   1   0   0   0   0   0   0   0   0   0   0   0   0   0   0   0   0   0   0
17   0   0   0   0   0   0   0   0   0   0   0   0   0   1   0   0   0   0   0
18   0   0   0   0   0   0   0   0   1   0   0   0   0   0   0   0   0   0   0
19   0   0   0   0   0   0   1   0   0   0   0   0   0   0   0   0   0   0   0
20   0   0   0   0   0   0   0   0   0   0   0   0   0   0   0   1   0   0   0
21   0   0   0   0   0   0   0   0   0   0   0   0   1   0   0   0   0   0   0

:   20  21    :=
1    0   0
2    0   0
3    0   0
4    0   0
5    0   0
6    0   0
7    0   0
8    0   1
9    0   0
10   0   0
11   0   0
12   0   0
13   1   0
14   0   0
15   0   0
16   0   0
17   0   0
18   0   0
19   0   0
20   0   0
21   0   0
;

y [*] :=
 1 1    3 1    5 1    7 1    9 1   11 1   13 1   15 0   17 1   19 1   21 1
 2 1    4 1    6 1    8 1   10 1   12 1   14 1   16 1   18 1   20 1
;

sum{i in 1 .. n, j in 1 .. n} x[i,j]*c[i,j] = 1499

